1.246792114695340530e+02 5.143369175627299228e-01
1.145761648745519636e+02 5.689068100358412039e+00
1.044731182795699027e+02 1.209587813620072438e+01
9.584856630824371848e+01 1.800985663082437327e+01
8.870250896057346779e+01 2.466308243727598892e+01
8.303494623655915063e+01 3.131630824372760458e+01
8.180286738351254883e+01 4.117293906810036219e+01
7.983154121863798025e+01 5.226164874551972161e+01
7.786021505376344010e+01 5.817562724014337050e+01
7.120698924731182444e+01 6.113261648745518073e+01
6.553942652329749308e+01 6.581451612903225623e+01
5.666845878136200554e+01 7.246774193548387188e+01
4.976881720430107237e+01 7.739605734767025069e+01
4.237634408602150415e+01 8.281720430107526454e+01
3.498387096774192173e+01 8.651344086021505575e+01
2.660573476702508344e+01 9.168817204301075208e+01
1.650268817204300831e+01 9.710931899641576592e+01
6.892473118279554001e+00 1.025304659498207798e+02
-2.717741935483878990e+00 1.052410394265232867e+02
-2.717741935483878990e+00 -2.442652329749108731e+00
1.246792114695340530e+02 -3.674731182795710538e+00
